name C
internalname 4,0
charset
\|	1	0	00
\^	0	0	00
!	11	2	041
"	11	2	042
#	11	2	043
$	11	3	044
%	11	2	045
&	11	2	046
'	11	2	047
(	11	2	050
)	11	2	051
*	11	2	052
+	11	2	053
,	11	1	054
-	11	0	055
hy	11	0	055
.	11	0	056
/	11	3	057
0	11	2	060
1	11	2	061
2	11	2	062
3	11	2	063
4	11	2	064
5	11	2	065
6	11	2	066
7	11	2	067
8	11	2	070
9	11	2	071
:	11	0	072
;	11	1	073
<	11	2	074
=	11	0	075
>	11	2	076
?	11	2	077
@	11	2	0100
A	11	2	0101
B	11	2	0102
C	11	2	0103
D	11	2	0104
E	11	2	0105
F	11	2	0106
G	11	2	0107
H	11	2	0110
I	11	2	0111
J	11	2	0112
K	11	2	0113
L	11	2	0114
M	11	2	0115
N	11	2	0116
O	11	2	0117
P	11	2	0120
Q	11	3	0121
R	11	2	0122
S	11	2	0123
T	11	2	0124
U	11	2	0125
V	11	2	0126
W	11	2	0127
X	11	2	0130
Y	11	2	0131
Z	11	2	0132
[	11	2	0133
\	11	3	0134
]	11	2	0135
^	11	2	0136
ga	11	2	0140
`	11	2	0140
a	11	0	0141
b	11	2	0142
c	11	0	0143
d	11	2	0144
e	11	0	0145
f	11	2	0146
g	11	1	0147
h	11	2	0150
i	11	2	0151
j	11	3	0152
k	11	2	0153
l	11	2	0154
m	11	0	0155
n	11	0	0156
o	11	0	0157
p	11	1	0160
q	11	1	0161
r	11	0	0162
s	11	0	0163
t	11	2	0164
u	11	0	0165
v	11	0	0166
w	11	0	0167
x	11	0	0170
y	11	1	0171
z	11	0	0172
{	11	3	0173
|	11	3	0174
}	11	3	0175
~	11	2	0176
A:	11	2	0200
Ao	11	2	0201
C,	11	2	0202
E'	11	2	0203
N~	11	2	0204
O:	11	2	0205
U:	11	2	0206
a'	11	2	0207
a`	11	2	0210
a^	11	2	0211
a:	11	2	0212
a~	11	2	0213
ao	11	2	0214
c,	11	1	0215
e'	11	2	0216
e`	11	2	0217
e^	11	2	0220
e:	11	2	0221
i'	11	2	0222
i`	11	2	0223
i^	11	2	0224
i:	11	2	0225
n~	11	2	0226
o'	11	2	0227
o`	11	2	0230
o^	11	2	0231
o:	11	2	0232
o~	11	2	0233
u'	11	2	0234
u`	11	2	0235
u^	11	2	0236
u:	11	2	0237
dg	11	2	0240
de	11	2	0241
ct	11	3	0242
po	11	2	0243
ps	11	2	0243
sc	11	3	0244
bu	11	2	0245
pp	11	2	0246
ss	11	3	0247
rg	10	2	0250
co	10	2	0251
tm	11	2	0252
aa	11	2	0253
AE	11	2	0256
O/	11	2	0257
$J	11	2	0264
yi	11	2	0264
yn	11	2	0264
of	11	2	0273
om	11	2	0274
ae	11	0	0276
o/	11	0	0277
I?	11	2	0300
I!	11	2	0301
d<	11	0	0307
d>	11	0	0310
A`	11	2	0313
A~	11	2	0314
O~	11	2	0315
OE	11	2	0316
oe	11	0	0317
lq	11	2	0322
rq	11	2	0323
ql	11	2	0324
qr	11	2	0325
y:	11	3	0330
