name CB
internalname 4,1
charset
\|	2	0	00
\^	1	0	00
!	13	2	041
"	13	2	042
#	13	2	043
$	13	3	044
%	13	2	045
&	13	2	046
'	13	2	047
(	13	2	050
)	13	2	051
*	13	2	052
+	13	2	053
,	13	1	054
-	13	0	055
hy	13	0	055
.	13	0	056
/	13	3	057
0	13	2	060
1	13	2	061
2	13	2	062
3	13	2	063
4	13	2	064
5	13	2	065
6	13	2	066
7	13	2	067
8	13	2	070
9	13	2	071
:	13	0	072
;	13	1	073
<	13	2	074
=	13	0	075
>	13	2	076
?	13	2	077
@	13	2	0100
A	13	2	0101
B	13	2	0102
C	13	2	0103
D	13	2	0104
E	13	2	0105
F	13	2	0106
G	13	2	0107
H	13	2	0110
I	13	2	0111
J	13	2	0112
K	13	2	0113
L	13	2	0114
M	13	2	0115
N	13	2	0116
O	13	2	0117
P	13	2	0120
Q	13	3	0121
R	13	2	0122
S	13	2	0123
T	13	2	0124
U	13	2	0125
V	13	2	0126
W	13	2	0127
X	13	2	0130
Y	13	2	0131
Z	13	2	0132
[	13	2	0133
\	13	3	0134
]	13	2	0135
^	13	2	0136
ga	13	2	0140
`	13	2	0140
a	13	0	0141
b	13	2	0142
c	13	0	0143
d	13	2	0144
e	13	0	0145
f	13	2	0146
g	13	1	0147
h	13	2	0150
i	13	2	0151
j	13	3	0152
k	13	2	0153
l	13	2	0154
m	13	0	0155
n	13	0	0156
o	13	0	0157
p	13	1	0160
q	13	1	0161
r	13	0	0162
s	13	0	0163
t	13	2	0164
u	13	0	0165
v	13	0	0166
w	13	0	0167
x	13	0	0170
y	13	1	0171
z	13	0	0172
{	13	3	0173
|	13	3	0174
}	13	3	0175
~	13	2	0176
A:	13	2	0200
Ao	13	2	0201
C,	13	2	0202
E'	13	2	0203
N~	13	2	0204
O:	13	2	0205
U:	13	2	0206
a'	13	2	0207
a`	13	2	0210
a^	13	2	0211
a:	13	2	0212
a~	13	2	0213
ao	13	2	0214
c,	13	1	0215
e'	13	2	0216
e`	13	2	0217
e^	13	2	0220
e:	13	2	0221
i'	13	2	0222
i`	13	2	0223
i^	13	2	0224
i:	13	2	0225
n~	13	2	0226
o'	13	2	0227
o`	13	2	0230
o^	13	2	0231
o:	13	2	0232
o~	13	2	0233
u'	13	2	0234
u`	13	2	0235
u^	13	2	0236
u:	13	2	0237
dg	13	2	0240
de	13	2	0241
ct	13	3	0242
po	13	2	0243
ps	13	2	0243
sc	13	3	0244
bu	13	2	0245
pp	13	2	0246
ss	13	3	0247
rg	11	2	0250
co	11	2	0251
tm	13	2	0252
aa	13	2	0253
AE	13	2	0256
O/	13	2	0257
$J	13	2	0264
yi	13	2	0264
yn	13	2	0264
of	13	2	0273
om	13	2	0274
ae	13	0	0276
o/	13	0	0277
I?	13	2	0300
I!	13	2	0301
d<	13	0	0307
d>	13	0	0310
A`	13	2	0313
A~	13	2	0314
O~	13	2	0315
OE	13	2	0316
oe	13	0	0317
lq	13	2	0322
rq	13	2	0323
ql	13	2	0324
qr	13	2	0325
y:	13	3	0330
