name HB
internalname 3,1
charset
\|	3	0	00
\^	1	0	00
!	9	2	041
"	11	2	042
#	19	2	043
$	15	3	044
%	19	2	045
&	17	2	046
'	7	2	047
(	13	3	050
)	11	3	051
*	15	2	052
+	17	0	053
,	9	1	054
-	15	0	055
hy	15	0	055
.	7	0	056
/	13	2	057
0	15	2	060
1	15	2	061
2	15	2	062
3	15	2	063
4	15	2	064
5	15	2	065
6	15	2	066
7	15	2	067
8	15	2	070
9	15	2	071
:	7	0	072
;	9	1	073
<	11	0	074
=	15	0	075
>	11	0	076
?	15	2	077
@	19	2	0100
A	13	2	0101
B	15	2	0102
C	13	2	0103
D	15	2	0104
E	13	2	0105
F	13	2	0106
G	13	2	0107
H	15	2	0110
I	9	2	0111
J	13	2	0112
K	15	2	0113
L	13	2	0114
M	19	2	0115
N	15	2	0116
O	13	2	0117
P	15	2	0120
Q	13	3	0121
R	15	2	0122
S	13	2	0123
T	13	2	0124
U	15	2	0125
V	13	2	0126
W	21	2	0127
X	13	2	0130
Y	13	2	0131
Z	11	2	0132
[	11	3	0133
\	11	2	0134
]	11	3	0135
^	11	2	0136
ga	9	2	0140
`	9	2	0140
a	11	0	0141
b	13	2	0142
c	11	0	0143
d	11	2	0144
e	11	0	0145
f	9	2	0146
g	11	1	0147
h	13	2	0150
i	9	2	0151
j	9	3	0152
k	13	2	0153
l	9	2	0154
m	19	0	0155
n	13	0	0156
o	11	0	0157
p	13	1	0160
q	11	1	0161
r	13	0	0162
s	11	0	0163
t	9	2	0164
u	13	0	0165
v	13	0	0166
w	17	0	0167
x	13	0	0170
y	13	1	0171
z	11	0	0172
{	11	3	0173
|	9	3	0174
}	11	3	0175
~	15	2	0176
A:	13	2	0200
Ao	13	2	0201
C,	13	3	0202
E'	13	2	0203
N~	15	2	0204
O:	13	2	0205
U:	15	2	0206
a'	11	2	0207
a`	11	2	0210
a^	11	2	0211
a:	11	2	0212
a~	11	2	0213
ao	11	2	0214
c,	11	1	0215
e'	11	2	0216
e`	11	2	0217
e^	11	2	0220
e:	11	2	0221
i'	9	2	0222
i`	9	2	0223
i^	11	2	0224
i:	9	2	0225
n~	13	2	0226
o'	11	2	0227
o`	11	2	0230
o^	11	2	0231
o:	11	2	0232
o~	13	2	0233
u'	13	2	0234
u`	13	2	0235
u^	13	2	0236
u:	13	2	0237
dg	11	2	0240
de	11	2	0241
ct	13	3	0242
po	15	2	0243
ps	15	2	0243
sc	13	2	0244
bu	13	0	0245
pp	13	2	0246
ss	15	2	0247
rg	21	2	0250
co	21	2	0251
tm	19	2	0252
aa	7	2	0253
AE	19	2	0256
O/	17	2	0257
$J	15	2	0264
yi	15	2	0264
yn	15	2	0264
of	11	2	0273
om	11	2	0274
ae	17	0	0276
o/	15	0	0277
I?	15	2	0300
I!	9	2	0301
d<	17	0	0307
d>	15	0	0310
A`	13	2	0313
A~	15	2	0314
O~	15	2	0315
OE	19	2	0316
oe	17	0	0317
lq	15	2	0322
rq	15	2	0323
ql	9	2	0324
qr	9	2	0325
y:	13	3	0330
