name I
internalname 2,2
charset
\|	3	0	00
\^	1	0	00
!	6	2	041
"	10	2	042
#	16	2	043
$	12	3	044
%	20	2	045
&	16	2	046
'	6	2	047
(	10	3	050
)	10	3	051
*	14	2	052
+	12	0	053
,	6	1	054
-	10	0	055
hy	10	0	055
.	6	0	056
/	12	2	057
0	12	2	060
1	12	2	061
2	12	2	062
3	13	3	063
4	12	2	064
5	12	3	065
6	12	2	066
7	12	2	067
8	12	2	070
9	12	2	071
:	6	0	072
;	6	1	073
<	8	0	074
=	11	0	075
>	8	0	076
?	12	2	077
@	16	3	0100
A	16	2	0101
B	14	2	0102
C	12	2	0103
D	14	2	0104
E	12	2	0105
F	12	2	0106
G	14	2	0107
H	16	2	0110
I	10	2	0111
J	10	3	0112
K	16	2	0113
L	14	2	0114
M	20	2	0115
N	16	2	0116
O	13	2	0117
P	14	2	0120
Q	13	3	0121
R	14	2	0122
S	12	2	0123
T	13	2	0124
U	16	2	0125
V	16	2	0126
W	20	2	0127
X	13	2	0130
Y	16	2	0131
Z	12	2	0132
[	8	3	0133
\	12	2	0134
]	8	3	0135
^	10	2	0136
ga	6	2	0140
`	6	2	0140
a	12	0	0141
b	13	2	0142
c	12	0	0143
d	12	2	0144
e	12	0	0145
f	10	2	0146
g	14	1	0147
h	16	2	0150
i	8	2	0151
j	8	3	0152
k	14	2	0153
l	8	2	0154
m	20	0	0155
n	16	0	0156
o	12	0	0157
p	14	1	0160
q	14	1	0161
r	12	0	0162
s	10	0	0163
t	8	2	0164
u	14	0	0165
v	14	0	0166
w	18	0	0167
x	12	0	0170
y	14	1	0171
z	10	0	0172
{	10	3	0173
|	6	3	0174
}	10	3	0175
~	10	2	0176
A:	16	2	0200
Ao	16	2	0201
C,	12	3	0202
E'	12	2	0203
N~	16	2	0204
O:	14	2	0205
U:	16	2	0206
a'	12	2	0207
a`	12	2	0210
a^	12	2	0211
a:	12	2	0212
a~	12	2	0213
ao	12	2	0214
c,	11	1	0215
e'	12	2	0216
e`	12	2	0217
e^	12	2	0220
e:	12	2	0221
i'	8	2	0222
i`	8	2	0223
i^	8	2	0224
i:	8	2	0225
n~	16	2	0226
o'	12	2	0227
o`	12	2	0230
o^	12	2	0231
o:	12	2	0232
o~	12	2	0233
u'	14	2	0234
u`	14	2	0235
u^	14	2	0236
u:	14	2	0237
dg	10	2	0240
de	12	2	0241
ct	10	3	0242
po	14	2	0243
ps	14	2	0243
sc	12	2	0244
bu	12	0	0245
pp	16	2	0246
ss	14	2	0247
rg	14	2	0250
co	14	2	0251
tm	18	2	0252
aa	6	2	0253
AE	20	2	0256
O/	14	2	0257
$J	14	2	0264
yi	14	2	0264
yn	14	2	0264
of	12	2	0273
om	10	2	0274
ae	18	0	0276
o/	12	0	0277
I?	12	2	0300
I!	6	2	0301
d<	12	0	0307
d>	12	0	0310
A`	16	2	0313
A~	16	2	0314
O~	14	2	0315
OE	20	2	0316
oe	18	0	0317
lq	12	2	0322
rq	12	2	0323
ql	8	2	0324
qr	8	2	0325
y:	14	3	0330
