name S
internalname 23,0
special
charset
\|	2	0	00
\^	1	0	00
!	6	2	041
fa	14	2	042
#	9	2	043
te	11	2	044
%	16	2	045
&	15	2	046
(	6	3	050
)	6	3	051
*	9	2	052
pl	11	2	053
,	6	1	054
\-	11	0	055
mi	11	0	055
.	6	0	056
/	5	2	057
0	9	2	060
1	9	2	061
2	9	2	062
3	9	2	063
4	9	2	064
5	9	2	065
6	9	2	066
7	9	2	067
8	9	2	070
9	9	2	071
:	5	0	072
;	5	1	073
<	11	2	074
eq	11	0	075
>	11	2	076
?	8	2	077
en	11	2	0100
*A	14	2	0101
*B	13	2	0102
*X	14	2	0103
*D	12	2	0104
*E	13	2	0105
*F	15	2	0106
*G	12	2	0107
*Y	15	2	0110
*I	6	2	0111
*J	12	2	0112
*K	14	2	0113
*L	14	2	0114
*M	18	2	0115
*N	15	2	0116
*O	15	2	0117
*P	15	2	0120
*H	15	2	0121
*R	11	2	0122
*S	12	2	0123
*T	12	2	0124
*U	14	2	0125
ts	8	3	0126
*W	15	2	0127
*C	13	2	0130
*Q	16	2	0131
*Z	13	2	0132
[	6	3	0133
tf	17	0	0134
]	6	3	0135
bt	13	2	0136
\_	9	1	0137
rn	11	2	0140
*a	13	0	0141
*b	11	3	0142
*x	11	1	0143
*d	9	2	0144
*e	8	2	0145
*f	11	3	0146
*g	8	1	0147
*y	12	1	0150
*i	6	2	0151
*j	12	3	0152
*k	11	0	0153
*l	11	2	0154
*m	12	1	0155
*n	11	0	0156
*o	12	0	0157
*p	11	0	0160
*h	11	2	0161
*r	11	1	0162
*s	12	0	0163
*t	8	2	0164
*u	12	0	0165
*v	14	2	0166
*w	13	2	0167
*c	9	3	0170
*q	13	3	0171
*z	9	3	0172
{	9	3	0173
|	4	3	0174
}	9	3	0175
~	11	0	0176
fm	5	2	0242
mt	5	2	0242
<=	11	2	0243
if	14	0	0245
$D	9	3	0246
<>	21	2	0253
<-	19	2	0254
ua	11	3	0255
->	19	2	0256
da	11	2	0257
de	8	2	0260
+-	11	2	0261
sd	8	2	0262
>=	11	2	0263
mu	11	2	0264
pt	14	0	0265
pd	8	2	0266
bu	8	0	0267
di	11	2	0270
!=	11	2	0271
==	11	2	0272
~=	11	2	0273
el	19	0	0274
cr	13	2	0277
al	16	2	0300
ax	15	2	0304
at	15	2	0305
es	16	2	0306
ca	15	2	0307
cu	15	2	0310
sp	14	2	0311
ip	14	3	0312
!s	14	3	0313
sb	14	2	0314
ib	14	3	0315
mo	14	2	0316
cm	14	2	0316
!m	14	3	0317
gr	14	2	0321
rg	15	2	0322
co	15	2	0323
tm	17	2	0324
sr	11	2	0326
m.	11	0	0327
no	14	0	0330
an	12	0	0331
la	12	0	0331
lo	12	0	0332
io	21	2	0333
<:	19	2	0334
lh	19	2	0334
>:	19	2	0336
im	19	2	0336
rh	19	2	0336
l<	6	3	0341
Al	15	2	0360
r>	6	3	0361
is	5	3	0362
